02|98193|1|VB07|2020-02-08|50|026716|MRM|249699|VO21870628|42|ALOJ. FILTRO COMBU|1,000000|1779,56|1779,56|54,56|0,00|28,46|131,10|0,00|982,01000|982,01000|CLIENTE|08:47.36
02|98194|1|IU06|2020-02-08|901|006653|RST|372269|VO8291017|48|OLEO DE FREIO|1,000000|38,00|38,00|0,00|6,46|0,63|2,89|0,00|15,77000|15,77000|DI|09:23.43
02|98194|1|IU06|2020-02-08|901|006653|RST|372269|LO221.0047|27|PANO P/ LIMPEZA|3,000000|1,80|5,40|0,00|0,00|0,09|0,41|0,00|0,39000|0,39000|DI|09:23.43
02|98194|1|IU06|2020-02-08|901|006653|RST|372269|LO20425399RV|01|TAMPA RESERV LIMP FH 2010|1,000000|12,00|12,00|0,00|0,00|0,00|0,00|0,00|8,66000|8,66000|DI|09:23.43
02|98194|1|IU06|2020-02-08|901|006653|RST|372269|LO221.0070|27|AGUA DESTILADA|1,000000|5,00|5,00|0,00|0,00|0,08|0,38|0,00|3,43000|3,43000|DI|09:23.43
02|98195|1|IU11|2020-02-08|901|012658|RST|372396|VO8291046|48|OLEO DO MOTOR|33,000000|14,00|462,00|0,00|0,00|7,62|35,11|0,00|8,97000|8,97000|DI|09:25.25
02|98195|1|IU11|2020-02-08|901|012658|RST|372396|VO8291423|42|PCTE DE SERV.LUBRI|1,000000|701,11|701,11|0,00|0,00|0,00|0,00|0,00|506,18000|506,18000|DI|09:25.25
02|98195|1|IU11|2020-02-08|901|012658|RST|372396|LO221.0047|27|PANO P/ LIMPEZA|3,000000|1,80|5,40|0,00|0,00|0,09|0,41|0,00|0,39000|0,39000|DI|09:25.25
02|98195|1|IU11|2020-02-08|901|012658|RST|372396|VO8717052|43|OLEO|13,000000|14,00|182,00|0,00|0,00|3,00|13,83|0,00|12,25000|12,25000|DI|09:25.25
02|98195|1|IU11|2020-02-08|901|012658|RST|372396|VO85142074|48|OLEO|12,000000|17,17|206,04|0,00|0,00|3,40|15,66|0,00|12,39000|12,39000|DI|09:25.25
02|98195|1|IU11|2020-02-08|901|012658|RST|372396|VO21479106|42|OIL FILTER KIT|1,000000|130,37|130,37|0,00|0,00|0,00|0,00|0,00|88,44000|88,44000|DI|09:25.25
02|98195|1|IU11|2020-02-08|901|012658|RST|372396|VO21925732|52|SEPARADOR DE AGUA|1,000000|233,10|233,10|0,00|0,00|0,00|0,00|0,00|164,76000|164,76000|DI|09:25.25
02|98196|1|VM04|2020-02-08|100|026701|CCA|372440|VO8291423|42|PCTE DE SERV.LUBRI|1,000000|778,23|778,23|129,03|0,00|0,00|0,00|0,00|506,18000|506,18000|CLIENTE|09:49.16
02|98196|1|VM04|2020-02-08|100|026701|CCA|372440|VO8291046|48|OLEO DO MOTOR|33,000000|15,54|512,81|85,02|0,00|7,06|32,51|0,00|8,97000|8,97000|CLIENTE|09:49.16
02|98196|1|VM04|2020-02-08|100|026701|CCA|372440|LO221.0047|27|PANO P/ LIMPEZA|3,000000|2,00|6,01|1,00|0,00|0,08|0,38|0,00|0,39000|0,39000|CLIENTE|09:49.16
02|98197|1|TA02|2020-02-08|902|006656|IOR|249700|VO21650454|42|PARAFUSO|11,000000|15,44|169,84|0,00|0,00|0,00|0,00|0,00|15,44000|15,44000|CLIENTE|10:09.13
02|98198|1|VM04|2020-02-08|03|021906|CCA|372444|VO8291423|42|PCTE DE SERV.LUBRI|1,000000|797,69|797,69|138,91|0,00|0,00|0,00|0,00|506,18000|506,18000|CLIENTE|10:16.52
02|98198|1|VM04|2020-02-08|03|021906|CCA|372444|VO8291046|48|OLEO DO MOTOR|33,000000|15,93|525,69|91,55|0,00|7,16|32,99|0,00|8,97000|8,97000|CLIENTE|10:16.52
02|98198|1|VM04|2020-02-08|03|021906|CCA|372444|LO221.0047|27|PANO P/ LIMPEZA|3,000000|2,05|6,15|1,07|0,00|0,08|0,39|0,00|0,39000|0,39000|CLIENTE|10:16.52
02|98199|1|VM04|2020-02-08|05|031472|CCA|372447|VO8291405|42|PCTE DE SERV.LUB.|1,000000|441,80|441,80|103,80|0,00|0,00|0,00|0,00|277,62000|277,62000|CLIENTE|10:27.31
02|98199|1|VM04|2020-02-08|05|031472|CCA|372447|VO8291046|48|OLEO DO MOTOR|36,000000|16,13|580,67|136,42|0,00|7,33|33,76|0,00|8,97000|8,97000|CLIENTE|10:27.31
02|98199|1|VM04|2020-02-08|05|031472|CCA|372447|LO221.0047|27|PANO P/ LIMPEZA|3,000000|2,07|6,21|1,46|0,00|0,08|0,36|0,00|0,39000|0,39000|CLIENTE|10:27.31
02|98200|1|VM01|2020-02-08|06|031267|GMS|372280|VO948211|43|BRACADEIRA|10,000000|3,20|32,00|1,28|0,00|0,51|2,33|0,00|1,59000|1,59000|CLIENTE|10:35.32
02|98200|1|VM01|2020-02-08|06|031267|GMS|372280|VO980464|43|PRESILHA|10,000000|8,08|80,80|3,23|0,00|1,28|5,90|0,00|4,01000|4,01000|CLIENTE|10:35.32
02|98200|1|VM01|2020-02-08|06|031267|GMS|372280|VO6781769|43|JUNCAO|10,000000|25,16|251,59|10,06|0,00|3,99|18,36|0,00|11,43000|11,43000|CLIENTE|10:35.32
02|98200|1|VM01|2020-02-08|06|031267|GMS|372280|VO9130476|43|JUNCAO|2,000000|26,05|52,11|2,08|0,00|0,83|3,80|0,00|11,82000|11,82000|CLIENTE|10:35.32
02|98200|1|VM01|2020-02-08|06|031267|GMS|372280|LO221.0047|27|PANO P/ LIMPEZA|4,000000|2,10|8,40|0,34|0,00|0,13|0,61|0,00|0,39000|0,39000|CLIENTE|10:35.32
02|98201|1|VM09|2020-02-08|63|032590|CCA|372450|VO8291423|42|PCTE DE SERV.LUBRI|1,000000|778,23|778,23|129,03|0,00|0,00|0,00|0,00|506,18000|506,18000|CLIENTE|10:45.53
02|98201|1|VM09|2020-02-08|63|032590|CCA|372450|VO8291046|48|OLEO DO MOTOR|33,000000|15,54|512,81|85,02|0,00|7,06|32,51|0,00|8,97000|8,97000|CLIENTE|10:45.53
02|98201|1|VM09|2020-02-08|63|032590|CCA|372450|LO221.0047|27|PANO P/ LIMPEZA|3,000000|2,00|6,01|1,00|0,00|0,08|0,38|0,00|0,39000|0,39000|CLIENTE|10:45.53
02|98202|1|VM04|2020-02-08|05|031817|CCA|372452|VO85132546|02|KIT DE SERVICO|1,000000|238,00|238,00|47,36|0,00|0,00|0,00|0,00|147,94000|147,94000|CLIENTE|11:27.43
02|98202|1|VM04|2020-02-08|05|031817|CCA|372452|VO8291046|48|OLEO DO MOTOR|25,000000|16,13|403,26|80,24|0,00|5,33|24,55|0,00|8,97000|8,97000|CLIENTE|11:27.43
02|98202|1|VM04|2020-02-08|05|031817|CCA|372452|LO221.0047|27|PANO P/ LIMPEZA|3,000000|2,07|6,20|1,23|0,00|0,08|0,38|0,00|0,39000|0,39000|CLIENTE|11:27.43
02|98202|1|VM04|2020-02-08|05|031817|CCA|372452|VO3538564|43|FILTRO|1,000000|42,91|42,91|8,54|0,00|0,57|2,61|0,00|20,76000|20,76000|CLIENTE|11:27.43
02|98203|1|VM02|2020-02-08|07|018531|LSS|372213|VO21383310|42|JUNTA|1,000000|244,48|244,48|18,71|0,00|3,73|17,16|0,00|116,40000|116,40000|CLIENTE|12:13.25
02|98203|1|VM02|2020-02-08|07|018531|LSS|372213|VO21940615|42|ANEL DE VEDACAO|1,000000|52,14|52,14|3,99|0,00|0,79|3,66|0,00|24,57000|24,57000|CLIENTE|12:13.25
02|98203|1|VM02|2020-02-08|07|018531|LSS|372213|VO469601|52|ANEL DE VEDACAO|1,000000|60,61|60,61|4,64|0,00|0,92|4,25|0,00|31,49000|31,49000|CLIENTE|12:13.25
02|98203|1|VM02|2020-02-08|07|018531|LSS|372213|VO21345127|43|PRISIONEIRO|4,000000|55,92|223,68|17,12|0,00|3,41|15,70|0,00|26,06000|26,06000|CLIENTE|12:13.25
02|98203|1|VM02|2020-02-08|07|018531|LSS|372213|VO1543499|42|PORCA FLANGEADA|4,000000|32,42|129,68|9,93|0,00|1,98|9,10|0,00|16,17000|16,17000|CLIENTE|12:13.25
02|98203|1|VM02|2020-02-08|07|018531|LSS|372213|VO994441|43|PARAFUSO FLANGEADO|1,000000|6,29|6,29|0,48|0,00|0,10|0,44|0,00|3,48000|3,48000|CLIENTE|12:13.25
02|98203|1|VM02|2020-02-08|07|018531|LSS|372213|VO990950|43|CONTRA PORCA FLANG|1,000000|4,01|4,01|0,31|0,00|0,06|0,28|0,00|1,73000|1,73000|CLIENTE|12:13.25
02|98203|1|VM02|2020-02-08|07|018531|LSS|372213|VO1677370|42|ANEL RETENTOR|2,000000|22,82|45,65|3,49|0,00|0,70|3,20|0,00|11,00000|11,00000|CLIENTE|12:13.25
02|98203|1|VM02|2020-02-08|07|018531|LSS|372213|VO20526428|42|ANEL DE VEDA  O|1,000000|36,27|36,27|2,78|0,00|0,55|2,55|0,00|17,43000|17,43000|CLIENTE|12:13.25
02|98203|1|VM02|2020-02-08|07|018531|LSS|372213|VO21503575|43|ANEL DE VEDACAO|1,000000|112,18|112,18|8,59|0,00|1,71|7,87|0,00|56,25000|56,25000|CLIENTE|12:13.25
02|98203|1|VM02|2020-02-08|07|018531|LSS|372213|VO994891|43|BRACADEIRA|4,000000|7,14|28,56|2,19|0,00|0,44|2,00|0,00|3,35000|3,35000|CLIENTE|12:13.25
02|98203|1|VM02|2020-02-08|07|018531|LSS|372213|VO21801388|42|GARFO|6,000000|179,16|1074,96|82,28|0,00|0,00|0,00|0,00|98,45000|98,45000|CLIENTE|12:13.25
02|98203|1|VM02|2020-02-08|07|018531|LSS|372213|VO21351717|42|MANGA DE INJECTOR|6,000000|276,91|1661,46|127,18|0,00|0,00|0,00|0,00|143,08000|143,08000|CLIENTE|12:13.25
02|98203|1|VM02|2020-02-08|07|018531|LSS|372213|VO22677514|42|GASKET KIT|1,000000|9821,58|9821,58|751,80|0,00|0,00|0,00|0,00|4788,91000|4788,91000|CLIENTE|12:13.25
02|98203|1|VM02|2020-02-08|07|018531|LSS|372213|LO221.0026|27|LIXA 80 FERRO|2,000000|3,54|7,08|0,54|0,00|0,11|0,50|0,00|2,54000|2,54000|CLIENTE|12:13.25
02|98203|1|VM02|2020-02-08|07|018531|LSS|372213|LO221.0047|27|PANO P/ LIMPEZA|15,000000|2,13|31,95|2,45|0,00|0,49|2,24|0,00|0,39000|0,39000|CLIENTE|12:13.25
02|98203|1|VM02|2020-02-08|07|018531|LSS|372213|LO222.0023|04|THINNER P/LIMPEZA|6,000000|16,35|98,10|7,51|0,00|1,49|6,88|0,00|7,01000|7,01000|CLIENTE|12:13.25
02|98203|1|VM02|2020-02-08|07|018531|LSS|372213|LO331.0002|27|QUEROSENE|6,000000|11,81|70,86|5,42|0,00|1,08|4,97|0,00|5,93000|5,93000|CLIENTE|12:13.25
02|98203|1|VM02|2020-02-08|07|018531|LSS|372213|VO980464|43|PRESILHA|10,000000|8,18|81,80|6,26|0,00|1,25|5,74|0,00|4,01000|4,01000|CLIENTE|12:13.25
02|98203|1|VM02|2020-02-08|07|018531|LSS|372213|VO948211|43|BRACADEIRA|15,000000|3,24|48,60|3,72|0,00|0,74|3,41|0,00|1,59000|1,59000|CLIENTE|12:13.25
02|98203|1|VM02|2020-02-08|07|018531|LSS|372213|VO983472|43|PRESILHA|7,000000|1,92|13,44|1,03|0,00|0,20|0,94|0,00|0,91000|0,91000|CLIENTE|12:13.25
02|98203|1|VM02|2020-02-08|07|018531|LSS|372213|VO9000351|43|COMPOSTO VEDADOR|0,200000|413,25|82,65|6,33|12,97|1,26|5,80|0,00|215,13000|215,13000|CLIENTE|12:13.25
02|98203|1|VM02|2020-02-08|07|018531|LSS|372213|VO994102|43|PARAFUSO SEXTAVADO|4,000000|55,46|221,84|16,98|0,00|3,38|15,57|0,00|30,84000|30,84000|CLIENTE|12:13.25
02|98203|1|VM02|2020-02-08|07|018531|LSS|372213|VO25339078|43|PORCA SEXTAVADA|4,000000|25,68|102,72|7,86|0,00|1,57|7,21|0,00|12,00000|12,00000|CLIENTE|12:13.25
02|98203|1|VM02|2020-02-08|07|018531|LSS|372213|VO21428655|42|VALVULA ADMISSAO|12,000000|208,95|2507,40|191,93|0,00|0,00|0,00|0,00|113,26000|113,26000|CLIENTE|12:13.25
02|98203|1|VM02|2020-02-08|07|018531|LSS|372213|VO20561997|42|ASSENTO DA VALVULA|12,000000|209,91|2518,92|192,81|0,00|0,00|0,00|0,00|115,52000|115,52000|CLIENTE|12:13.25
02|98203|1|VM02|2020-02-08|07|018531|LSS|372213|VO20919484|42|GUIA DA VALVULA|12,000000|68,71|824,52|63,11|0,00|0,00|0,00|0,00|36,61000|36,61000|CLIENTE|12:13.25
02|98203|1|VM02|2020-02-08|07|018531|LSS|372213|VO20883450|42|ANEL DE VEDACAO|2,000000|112,08|224,16|17,16|0,00|3,42|15,73|0,00|53,33000|53,33000|CLIENTE|12:13.25
02|98203|1|VM02|2020-02-08|07|018531|LSS|372213|VO994447|43|PARAFUSO FLANGEADO|6,000000|4,65|27,90|2,14|0,00|0,43|1,96|0,00|2,56000|2,56000|CLIENTE|12:13.25
02|98203|1|VM02|2020-02-08|07|018531|LSS|372213|VO21344774|43|PARAFUSO FLANGEADO|6,000000|17,19|103,15|7,90|0,00|1,57|7,24|0,00|9,53000|9,53000|CLIENTE|12:13.25
02|98204|1|VM02|2020-02-08|06|028086|SRA|372424|VO21296850|43|SENSOR|1,000000|917,92|917,92|106,35|0,00|13,39|61,68|0,00|489,39000|489,39000|CLIENTE|12:39.13
02|98204|1|VM02|2020-02-08|06|028086|SRA|372424|VO1196983|53|BUCHA|1,000000|57,32|57,32|6,64|0,00|0,84|3,85|0,00|24,87000|24,87000|CLIENTE|12:39.13
02|98204|1|VM02|2020-02-08|06|028086|SRA|372424|VO82365279|43|TRILHO DE CORTINA|1,000000|131,36|131,36|15,22|0,00|0,00|0,00|0,00|74,28000|74,28000|CLIENTE|12:39.13
02|98204|1|VM02|2020-02-08|06|028086|SRA|372424|VO82219631|43|TRILHO DE CORTINA|1,000000|131,36|131,36|15,22|0,00|0,00|0,00|0,00|74,28000|74,28000|CLIENTE|12:39.13
02|98204|1|VM02|2020-02-08|06|028086|SRA|372424|VO21156344|43|TIRA|2,000000|34,32|68,64|7,95|0,00|1,00|4,61|0,00|20,53000|20,53000|CLIENTE|12:39.13
02|98204|1|VM02|2020-02-08|06|028086|SRA|372424|VO995023|43|REBITE PLASTICO|2,000000|4,61|9,22|1,07|0,00|0,13|0,62|0,00|2,30000|2,30000|CLIENTE|12:39.13
02|98204|1|VM02|2020-02-08|06|028086|SRA|372424|VO23248607|45|CORTINA|2,000000|805,42|1610,85|186,64|0,00|23,50|108,24|0,00|540,25000|540,25000|CLIENTE|12:39.13
02|98204|1|VM02|2020-02-08|06|028086|SRA|372424|VO948211|43|BRACADEIRA|10,000000|3,20|32,00|3,71|0,00|0,47|2,15|0,00|1,59000|1,59000|CLIENTE|12:39.13
02|98204|1|VM02|2020-02-08|06|028086|SRA|372424|LO221.0047|27|PANO P/ LIMPEZA|2,000000|2,10|4,20|0,49|0,00|0,06|0,28|0,00|0,39000|0,39000|CLIENTE|12:39.13
02|98204|1|VM02|2020-02-08|06|028086|SRA|372424|VO8141825|43|RESSALTO BATENTE|2,000000|12,93|25,86|3,00|0,00|0,38|1,74|0,00|5,66000|5,66000|CLIENTE|12:39.13
02|98204|1|VM02|2020-02-08|06|028086|SRA|372424|VO21925732|52|SEPARADOR DE AGUA|1,000000|271,84|271,84|31,50|0,00|0,00|0,00|0,00|164,76000|164,76000|CLIENTE|12:39.13
02|98204|1|VM02|2020-02-08|06|028086|SRA|372424|VO23260134|43|JOGO|1,000000|690,09|690,09|79,96|0,00|10,07|46,37|0,00|394,44000|394,44000|CLIENTE|12:39.13
02|98204|1|VM02|2020-02-08|06|028086|SRA|372424|VO21333686|43|BATENTE|2,000000|157,83|315,66|36,57|0,00|0,00|0,00|0,00|84,67000|84,67000|CLIENTE|12:39.13
02|98204|1|VM02|2020-02-08|06|028086|SRA|372424|VO21833916|43|BATENTE|2,000000|373,64|747,28|86,58|0,00|0,00|0,00|0,00|209,37000|209,37000|CLIENTE|12:39.13
02|69526|NF|IUE|2020-02-08|901|006656|RST|372269|4134000|00|Cilindro mestre da embreagem, (24)|1,000000|84,00|84,00|0,00|0,00|1,39|6,38|4,20|0,00000|0,00000|DI|09:24.19
02|69526|NF|IUE|2020-02-08|901|006656|RST|372269|4134200|00|Sistema de embreagem, sangria (24)|1,000000|28,00|28,00|0,00|0,00|0,46|2,13|1,40|0,00000|0,00000|DI|09:24.19
02|69526|NF|IUE|2020-02-08|901|006656|RST|372269|2000004|00|TRABALHO DE MECANICA (24)|1,000000|70,00|70,00|0,00|0,00|1,16|5,32|3,50|0,00000|0,00000|DI|09:24.19
02|69527|NF|IUE|2020-02-08|901|006656|RST|372396|1701000|00|Conexão-desconexão da ferramenta de|1,000000|14,00|14,00|0,00|0,00|0,23|1,06|0,69|0,00000|0,00000|DI|09:25.09
02|69527|NF|IUE|2020-02-08|901|006656|RST|372396|2301600|00|Balanceamento dos cilindros, verificação|1,000000|14,00|14,00|0,00|0,00|0,23|1,06|0,70|0,00000|0,00000|DI|09:25.09
02|69527|NF|IUE|2020-02-08|901|006656|RST|372396|2100600|00|Compressão dos cilindros, teste (24)|1,000000|14,00|14,00|0,00|0,00|0,23|1,06|0,70|0,00000|0,00000|DI|09:25.09
02|69527|NF|IUE|2020-02-08|901|006656|RST|372396|1751300|00|Motor, óleo e filtro, substituiçÆo. Na (|1,000000|0,42|0,42|0,00|0,00|0,01|0,03|0,02|0,00000|0,00000|DI|09:25.09
02|69527|NF|IUE|2020-02-08|901|006656|RST|372396|1752300|00|Óleo e filtro da caixa de mudanças, (22)|1,000000|0,36|0,36|0,00|0,00|0,01|0,03|0,02|0,00000|0,00000|DI|09:25.09
02|69527|NF|IUE|2020-02-08|901|006656|RST|372396|1752700|00|Diferencial, troca de óleo. Boxe de (22)|1,000000|0,36|0,36|0,00|0,00|0,01|0,03|0,02|0,00000|0,00000|DI|09:25.09
02|69528|NF|ISE|2020-02-08|901|006656|CCA|372440|1751300|00|Motor, óleo e filtro, substituiçÆo. Na (|1,000000|0,42|0,42|0,00|0,00|0,01|0,03|0,02|0,00000|0,00000|DI|09:49.08
02|69529|NF|ISE|2020-02-08|901|006656|CCA|372444|1751300|00|Motor, óleo e filtro, substituiçÆo. Na (|1,000000|0,42|0,42|0,00|0,00|0,01|0,03|0,02|0,00000|0,00000|DI|10:16.39
02|69529|NF|ISE|2020-02-08|901|006656|CCA|372444|1770001|00|INSPEÇÃO VEICULAR|1,000000|0,18|0,18|0,00|0,00|0,00|0,01|0,01|0,00000|0,00000|DI|10:16.39
02|69530|NF|ISE|2020-02-08|901|006656|CCA|372447|1751300|00|Motor, óleo e filtro, substituiçÆo. Na (|1,000000|0,42|0,42|0,00|0,00|0,01|0,03|0,02|0,00000|0,00000|DI|10:27.21
02|69531|NF|ISE|2020-02-08|901|006656|GMS|371882|1770001|00|INSPEÇÃO VEICULAR|1,000000|6,00|6,00|0,00|0,00|0,10|0,46|0,30|0,00000|0,00000|DI|10:32.14
02|69532|NF|VME|2020-02-08|06|031267|GMS|372280|3657400|00|HMIIOM, EMS E TECU, atualização SW.|1,000000|361,96|361,96|54,29|0,00|5,08|23,38|15,38|0,00000|0,00000|CLIENTE|10:36.17
02|69532|NF|VME|2020-02-08|06|031267|GMS|372280|3730000|00|Sistema de cabos, frontal. Número|1,000000|1113,74|1113,74|167,06|0,00|15,62|71,95|47,33|0,00000|0,00000|CLIENTE|10:36.17
02|69532|NF|VME|2020-02-08|06|031267|GMS|372280|2842100|00|Unidade de controle, substituição.|1,000000|334,12|334,12|50,12|0,00|4,69|21,58|14,20|0,00000|0,00000|CLIENTE|10:36.17
02|69532|NF|VME|2020-02-08|06|031267|GMS|372280|3710200|00|Chicotes elétricos e conexões,|2,000000|111,38|222,75|33,41|0,00|3,12|14,39|9,47|0,00000|0,00000|CLIENTE|10:36.17
02|69533|NF|ISE|2020-02-08|901|006656|CCA|372450|1751300|00|Motor, óleo e filtro, substituiçÆo. Na (|1,000000|0,42|0,42|0,00|0,00|0,01|0,03|0,02|0,00000|0,00000|DI|10:45.45
02|69534|NF|ISE|2020-02-08|901|006656|CCA|372452|1751300|00|Motor, óleo e filtro, substituiçÆo. Na (|1,000000|0,30|0,30|0,00|0,00|0,00|0,02|0,01|0,00000|0,00000|DI|11:27.33
02|69534|NF|ISE|2020-02-08|901|006656|CCA|372452|1770001|00|INSPEÇÃO VEICULAR|1,000000|0,18|0,18|0,00|0,00|0,00|0,01|0,01|0,00000|0,00000|DI|11:27.33
02|69535|NF|VME|2020-02-08|07|018531|LSS|372213|1770001|00|INSPEÇÃO VEICULAR|1,000000|281,88|281,88|89,53|0,00|3,17|14,62|9,62|0,00000|0,00000|CLIENTE|12:14.33
02|69535|NF|VME|2020-02-08|07|018531|LSS|372213|9010|00|SERVIÇO DE TERCEIROS-plainar coletor|1,000000|617,48|617,48|0,00|0,00|10,19|46,93|30,87|0,00000|0,00000|CLIENTE|12:14.33
02|69535|NF|VME|2020-02-08|07|018531|LSS|372213|2146700|00|Válvula de exaustão, substituição|1,000000|1000,40|1000,40|317,75|0,00|11,26|51,88|34,13|0,00000|0,00000|CLIENTE|12:14.33
02|69535|NF|VME|2020-02-08|07|018531|LSS|372213|4512000|00|Árvore de transmissão, flange traseiro,|1,000000|101,04|101,04|32,09|0,00|1,14|5,24|3,45|0,00000|0,00000|CLIENTE|12:14.33
02|69535|NF|VME|2020-02-08|07|018531|LSS|372213|2373300|00|Camisa, unidade injetora, substituição.|6,000000|112,75|676,50|214,87|0,00|7,62|35,08|23,08|0,00000|0,00000|CLIENTE|12:14.33
02|69535|NF|VME|2020-02-08|07|018531|LSS|372213|2842300|00|MID 128 Unidade de controle, programação|1,000000|112,75|112,75|35,81|0,00|1,27|5,85|3,85|0,00000|0,00000|CLIENTE|12:14.33
02|69536|NF|ISE|2020-02-08|901|006656|SRA|372424|1700001|00|DIAGNÓSTICO COMPLEXO,VERIFICAÇÕES ADICIO|1,000000|0,48|0,48|0,00|0,00|0,01|0,04|0,02|0,00000|0,00000|DI|12:38.58
02|69536|NF|ISE|2020-02-08|901|006656|SRA|372424|5610001|00|ELEMENTO DO SECADOR DE AR,SUBSTITUIÇÃO(P|1,000000|0,60|0,60|0,00|0,00|0,01|0,05|0,03|0,00000|0,00000|DI|12:38.58
02|69536|NF|ISE|2020-02-08|901|006656|SRA|372424|2335400|00|Filtro de combustível e separador de (22|1,000000|0,36|0,36|0,00|0,00|0,01|0,03|0,02|0,00000|0,00000|DI|12:38.58
02|69536|NF|ISE|2020-02-08|901|006656|SRA|372424|99901|00|CHECK-UP RODE+ (22)|1,000000|0,30|0,30|0,00|0,00|0,00|0,02|0,02|0,00000|0,00000|DI|12:38.58
02|69537|NF|VME|2020-02-08|06|028086|SRA|372424|5933800|00|Sensor de velocidade da roda,|1,000000|83,53|83,53|0,00|0,00|1,38|6,35|4,18|0,00000|0,00000|CLIENTE|12:39.13
02|69537|NF|VME|2020-02-08|06|028086|SRA|372424|7703800|00|Roda dianteira, remoção instalação (um|1,000000|167,06|167,06|0,00|0,00|2,76|12,70|8,35|0,00000|0,00000|CLIENTE|12:39.13
02|69537|NF|VME|2020-02-08|06|028086|SRA|372424|5118500|00|Tambor de freio dianteiro, remoção e|1,000000|111,37|111,37|0,00|0,00|1,84|8,46|5,57|0,00000|0,00000|CLIENTE|12:39.13
02|69537|NF|VME|2020-02-08|06|028086|SRA|372424|5632800|00|Válvula sensível a carga, verificação e|1,000000|194,90|194,90|0,00|0,00|3,22|14,81|9,75|0,00000|0,00000|CLIENTE|12:39.13
02|69537|NF|VME|2020-02-08|06|028086|SRA|372424|8000000|00|Generalidades, generalidades|1,000000|222,75|222,75|0,00|0,00|3,68|16,93|11,14|0,00000|0,00000|CLIENTE|12:39.13
02|69537|NF|VME|2020-02-08|06|028086|SRA|372424|8184400|00|Batente, substituição|1,000000|55,69|55,69|0,00|0,00|0,92|4,23|2,78|0,00000|0,00000|CLIENTE|12:39.13
03|66397|1|VB02|2020-02-08|03|017956|ALO|237208|VO21687086|42|VARETA MEDIDORA|1,000000|424,04|424,04|19,04|0,00|6,68|30,78|0,00|214,86000|214,86000|CLIENTE|08:51.18
03|66398|1|VB33|2020-02-08|51|021844|RRF|237210|VO8717052|43|OLEO|4,000000|20,40|81,60|0,84|0,00|1,33|6,14|0,00|10,69000|10,69000|CLIENTE|11:56.24
03|66398|1|VB33|2020-02-08|51|021844|RRF|237210|VO20758415|42|VARETA MEDIDORA|1,000000|80,06|80,06|0,82|0,00|1,31|6,02|0,00|38,91000|38,91000|CLIENTE|11:56.24
03|66399|1|VB07|2020-02-08|52|021470|HWL|237209|VO20784537|42|JUNTA|1,000000|50,84|50,84|2,18|0,00|0,80|3,70|0,00|24,65000|24,65000|CLIENTE|11:58.43
03|66399|1|VB07|2020-02-08|52|021470|HWL|237209|VO270949|42|JOGO DE JUNTAS/CABECOTE|2,000000|190,84|381,69|16,35|0,00|6,03|27,77|0,00|95,38000|95,38000|CLIENTE|11:58.43
03|66399|1|VB07|2020-02-08|52|021470|HWL|237209|VO1542781|42|ANEL DE VEDACAO|1,000000|18,72|18,72|0,80|0,00|0,30|1,36|0,00|7,46000|7,46000|CLIENTE|11:58.43
03|66399|1|VB07|2020-02-08|52|021470|HWL|237209|VO1542780|42|ANEL DE VEDACAO|1,000000|13,94|13,94|0,60|0,00|0,22|1,01|0,00|5,26000|5,26000|CLIENTE|11:58.43
03|66399|1|VB07|2020-02-08|52|021470|HWL|237209|VO469477|43|ANEL DE VEDACAO|2,000000|20,76|41,52|1,78|0,00|0,66|3,02|0,00|6,64000|6,64000|CLIENTE|11:58.43
04|76705|1|VB02|2020-02-08|03|022578|JMK|239508|VO20424051|43|INTERRUPTOR DE PRESSAO|1,000000|756,42|756,42|37,42|0,00|11,86|54,64|0,00|345,57000|345,57000|CLIENTE|08:50.02
04|76706|1|VB02|2020-02-08|03|011225|JMK|239494|VO21549016|42|ESTICADOR DA CORRE|1,000000|1046,64|1046,64|51,64|0,00|0,00|0,00|0,00|461,09000|461,09000|CLIENTE|09:31.48
04|76707|1|VM09|2020-02-08|03|031307|CSL|354437|VO8291046|48|OLEO DO MOTOR|36,000000|13,65|491,40|81,21|0,00|6,77|31,17|0,00|9,24000|9,24000|CLIENTE|09:34.26
04|76707|1|VM09|2020-02-08|03|031307|CSL|354437|VO8291405|42|PCTE DE SERV.LUB.|1,000000|436,35|436,35|72,11|0,00|0,00|0,00|0,00|269,24000|269,24000|CLIENTE|09:34.26
04|76707|1|VM09|2020-02-08|03|031307|CSL|354437|LO221.0047|27|PANO P/ LIMPEZA|1,000000|2,05|2,05|0,34|0,00|0,03|0,13|0,00|0,40000|0,40000|CLIENTE|09:34.26
04|76708|1|VB02|2020-02-08|03|011225|JMK|239498|VO21339891|43|MANGUEIRA|1,000000|244,27|244,27|11,57|0,00|0,00|0,00|0,00|150,71000|150,71000|CLIENTE|09:44.55
04|76708|1|VB02|2020-02-08|03|011225|JMK|239498|VO984993|43|BRACADEIRA DA MANG|2,000000|19,58|39,16|1,86|0,00|0,62|2,83|0,00|9,81000|9,81000|CLIENTE|09:44.55
04|76709|1|VB02|2020-02-08|05|023335|GDL|239516|VO21137458|43|AMORTECEDOR|2,000000|705,62|1411,24|70,56|0,00|0,00|0,00|0,00|441,27000|441,27000|CLIENTE|09:48.44
04|76709|1|VB02|2020-02-08|05|023335|GDL|239516|VO20734773|43|ADAPTADOR|1,000000|100,33|100,33|5,02|0,00|1,57|7,24|0,00|51,10000|51,10000|CLIENTE|09:48.44
04|76710|1|VM21|2020-02-08|05|023335|CSL|354438|VO20779040|42|KIT SERVICO, FILTR|1,000000|119,96|119,96|6,80|0,00|0,00|0,00|0,00|76,04000|76,04000|CLIENTE|09:54.54
04|76710|1|VM21|2020-02-08|05|023335|CSL|354438|VO8717052|43|OLEO|16,000000|16,13|258,08|14,64|0,00|4,02|18,50|0,00|12,83000|12,83000|CLIENTE|09:54.54
04|76710|1|VM21|2020-02-08|05|023335|CSL|354438|VO21620181|43|ELEMENTO FILTRANTE|1,000000|286,83|286,83|16,27|0,00|4,46|20,56|0,00|172,40000|172,40000|CLIENTE|09:54.54
04|76710|1|VM21|2020-02-08|05|023335|CSL|354438|LO221.0047|27|PANO P/ LIMPEZA|1,000000|2,07|2,07|0,12|0,00|0,03|0,15|0,00|0,40000|0,40000|CLIENTE|09:54.54
04|76711|1|VM24|2020-02-08|50|023101|CSL|354439|VO85142074|48|OLEO|34,000000|16,65|566,10|55,07|0,00|8,43|38,84|0,00|11,84000|11,84000|CLIENTE|10:29.38
04|76711|1|VM24|2020-02-08|50|023101|CSL|354439|VO8291423|42|PCTE DE SERV.LUBRI|1,000000|778,24|778,24|75,71|0,00|0,00|0,00|0,00|504,03000|504,03000|CLIENTE|10:29.38
04|76711|1|VM24|2020-02-08|50|023101|CSL|354439|VO8291046|48|OLEO DO MOTOR|33,000000|13,32|439,56|42,76|0,00|6,55|30,16|0,00|9,24000|9,24000|CLIENTE|10:29.38
04|76711|1|VM24|2020-02-08|50|023101|CSL|354439|VO8291048|48|GRAXA|1,000000|17,76|17,76|1,73|0,00|0,26|1,22|0,00|12,26000|12,26000|CLIENTE|10:29.38
04|76711|1|VM24|2020-02-08|50|023101|CSL|354439|LO221.0047|27|PANO P/ LIMPEZA|2,000000|2,00|4,00|0,39|0,00|0,06|0,27|0,00|0,40000|0,40000|CLIENTE|10:29.38
04|76712|1|VM02|2020-02-08|100|029704|IDS|354395|VO20785252|42|JOGO|0,600000|1517,08|910,25|160,25|0,00|12,38|57,00|0,00|626,80000|626,80000|CLIENTE|10:57.14
04|76713|1|VB01|2020-02-08|03|012963|JMK|239512|VO3162274|43|SUPORTE P/BARRO|3,000000|330,00|990,00|0,00|0,00|0,00|0,00|0,00|194,07000|194,07000|CLIENTE|11:01.24
04|76713|1|VB01|2020-02-08|03|012963|JMK|239512|VO20563790|43|SUPORTE|5,000000|55,00|275,00|0,00|0,00|0,00|0,00|0,00|31,98000|31,98000|CLIENTE|11:01.24
04|76714|1|VU1|2020-02-08|01|009165|||ADM005|00|OLEO LUBRIFICANTE/CONTAMINADO COLETADO EM TRES LAGOAS|1100,000000|1,00|1100,00|0,00|0,00|0,00|0,00|0,00|0,00000|0,00000||12:11.40
04|76715|1|VB07|2020-02-08|50|016153|JMK|239520|VO22422785|42|SENSOR|1,000000|171,47|171,47|1,47|0,00|2,81|12,92|0,00|87,49000|87,49000|CLIENTE|12:22.59
04|76716|1|VB33|2020-02-08|01|031225|JMK|239521|VO8291046|48|OLEO DO MOTOR|4,500000|13,32|59,94|2,94|0,00|0,94|4,33|0,00|9,24000|9,24000|CLIENTE|12:25.20
04|45829|13|ISE|2020-02-08|901|006655|CSL|354437|1751300|00|Motor, óleo e filtro, substituiçÆo. Na (|1,000000|0,36|0,36|0,00|0,00|0,01|0,03|0,02|0,00000|0,00000|DI|09:34.18
04|45830|13|ISE|2020-02-08|901|006655|CSL|354438|1752300|00|Óleo e filtro da caixa de mudanças, (22)|1,000000|0,24|0,24|0,00|0,00|0,00|0,02|0,01|0,00000|0,00000|DI|09:51.13
04|45830|13|ISE|2020-02-08|901|006655|CSL|354438|5612600|00|Elemento do secador de ar, substituição|1,000000|0,30|0,30|0,00|0,00|0,00|0,02|0,02|0,00000|0,00000|DI|09:51.13
04|45831|13|ISE|2020-02-08|901|006655|CSL|354439|1751300|00|Motor, óleo e filtro, substituiçÆo. Na (|1,000000|0,42|0,42|0,00|0,00|0,01|0,03|0,02|0,00000|0,00000|DI|10:29.25
04|45831|13|ISE|2020-02-08|901|006655|CSL|354439|1752700|00|Diferencial, troca de óleo. Boxe de (22)|1,000000|0,36|0,36|0,00|0,00|0,01|0,03|0,02|0,00000|0,00000|DI|10:29.25
04|45831|13|ISE|2020-02-08|901|006655|CSL|354439|1752400|00|Lubrificação com verificações de acordo|1,000000|0,60|0,60|0,00|0,00|0,01|0,05|0,03|0,00000|0,00000|DI|10:29.25
05|47793|1|VB04|2020-02-08|05|024582|VYY|253223|VO21129735|02|VALVULA DE DRENAGE|1,000000|89,39|89,39|4,47|0,00|0,00|0,00|0,00|45,18000|45,18000|CLIENTE|09:53.48
05|47793|1|VB04|2020-02-08|05|024582|VYY|253223|VO22061890|02|TAMPA|1,000000|469,32|469,32|23,47|0,00|7,36|33,88|0,00|221,41000|221,41000|CLIENTE|09:53.48
06|28963|1|VT1|2020-02-08|01|019893|||ADM005|00|TAMBOR|1,000000|30,00|30,00|0,00|5,40|0,00|0,00|0,00|0,00000|0,00000||11:09.07
09|6294|1|VM23|2020-02-08|51|032913|DAT|306245|VO21620181|43|ELEMENTO FILTRANTE|1,000000|283,29|283,29|29,97|0,00|4,18|19,25|0,00|172,76000|172,76000|CLIENTE|12:00.54
09|6294|1|VM23|2020-02-08|51|032913|DAT|306245|VO8291046|48|OLEO DO MOTOR|3,000000|14,79|44,38|4,70|0,00|0,65|3,02|0,00|7,70000|7,70000|CLIENTE|12:00.54
09|7920|F|ISE|2020-02-08|901|006654|DAT|306245|5612600|00|Elemento do secador de ar, substituição|1,000000|0,36|0,36|0,00|0,00|0,01|0,03|0,02|0,00000|0,00000|DI|12:00.48
